0 0
0.02 0.026829
0.04 0.053129
0.06 0.079429
0.08 0.10573
0.1 0.13203
0.12 0.15833
0.14 0.18463
0.16 0.21093
0.18 0.23723
0.2 0.26353
0.22 0.28983
0.24 0.31613
0.26 0.34243
0.28 0.36873
0.3 0.39503
0.32 0.42133
0.34 0.44763
0.36 0.47393
0.38 0.50023
0.4 0.52653
0.42 0.55283
0.44 0.57913
0.46 0.60543
0.48 0.63173
0.5 0.65803
0.52 0.68433
0.54 0.71063
0.56 0.73693
0.58 0.76323
0.6 0.78953
0.62 0.81583
0.64 0.84213
0.66 0.86843
0.68 0.89473
0.7 0.92103
0.72 0.94733
0.74 0.97363
0.76 0.99993
0.78 1.0262
0.8 1.0525
0.82 1.0788
0.84 1.1051
0.86 1.1314
0.88 1.1577
0.9 1.184
0.92 1.2103
0.94 1.2366
0.96 1.2629
0.98 1.2892
1 1.3155
1.02 1.3418
1.04 1.3681
1.06 1.3944
1.08 1.4207
1.1 1.447
1.12 1.4733
1.14 1.4996
1.16 1.5259
1.18 1.5522
1.2 1.5785
1.22 1.6048
1.24 1.6311
1.26 1.6574
1.28 1.6837
1.3 1.71
1.32 1.7363
1.34 1.7626
1.36 1.7889
1.38 1.8152
1.4 1.8415
1.42 1.8678
1.44 1.8941
1.46 1.9204
1.48 1.9467
1.5 1.973
1.52 1.9993
1.54 2.0256
1.56 2.0519
1.58 2.0782
1.6 2.1045
1.62 2.1308
1.64 2.1571
1.66 2.1834
1.68 2.2097
1.7 2.236
1.72 2.2623
1.74 2.2886
1.76 2.3149
1.78 2.3412
1.8 2.3675
1.82 2.3938
1.84 2.4201
1.86 2.4464
1.88 2.4727
1.9 2.499
1.92 2.5253
1.94 2.5516
1.96 2.5779
1.98 2.6042
2 2.6305
2.02 2.6568
2.04 2.6831
2.06 2.7094
2.08 2.7357
2.1 2.762
2.12 2.7883
2.14 2.8146
2.16 2.8409
2.18 2.8672
2.2 2.8935
2.22 2.9198
2.24 2.9461
2.26 2.9724
2.28 2.9987
2.3 3.025
2.32 3.0513
2.34 3.0776
2.36 3.1039
2.38 3.1302
2.4 3.1565
2.42 3.1828
2.44 3.2091
2.46 3.2354
2.48 3.2617
2.5 3.288
2.52 3.3143
2.54 3.3406
2.56 3.3669
2.58 3.3932
2.6 3.4195
2.62 3.4458
2.64 3.4721
2.66 3.4984
2.68 3.5247
2.7 3.551
2.72 3.5773
2.74 3.6036
2.76 3.6299
2.78 3.6562
2.8 3.6825
2.82 3.7088
2.84 3.7351
2.86 3.7614
2.88 3.7877
2.9 3.814
2.92 3.8403
2.94 3.8666
2.96 3.8929
2.98 3.9192
3 3.9455
3.02 3.9718
3.04 3.9981
3.06 4.0244
3.08 4.0507
3.1 4.077
3.12 4.1033
3.14 4.1296
3.16 4.1559
3.18 4.1822
3.2 4.2085
3.22 4.2348
3.24 4.2611
3.26 4.2874
3.28 4.3137
3.3 4.34
3.32 4.3663
3.34 4.3926
3.36 4.4189
3.38 4.4452
3.4 4.4715
3.42 4.4978
3.44 4.5241
3.46 4.5504
3.48 4.5767
3.5 4.603
3.52 4.6293
3.54 4.6556
3.56 4.6819
3.58 4.7082
3.6 4.7345
3.62 4.7608
3.64 4.7871
3.66 4.8134
3.68 4.8397
3.7 4.866
3.72 4.8923
3.74 4.9186
3.76 4.9449
3.78 4.9712
3.8 4.9975
3.82 5.0238
3.84 5.0501
3.86 5.0764
3.88 5.1027
3.9 5.129
3.92 5.1553
3.94 5.1816
3.96 5.2079
3.98 5.2342
4 5.2605
4.02 5.2868
4.04 5.3131
4.06 5.3394
4.08 5.3657
4.1 5.392
4.12 5.4183
4.14 5.4446
4.16 5.4709
4.18 5.4972
4.2 5.5235
4.22 5.5498
4.24 5.5761
4.26 5.6024
4.28 5.6287
4.3 5.655
4.32 5.6813
4.34 5.7076
4.36 5.7339
4.38 5.7602
4.4 5.7865
4.42 5.8128
4.44 5.8391
4.46 5.8654
4.48 5.8917
4.5 5.918
4.52 5.9443
4.54 5.9706
4.56 5.9969
4.58 6.0232
4.6 6.0495
4.62 6.0758
4.64 6.1021
4.66 6.1284
4.68 6.1547
4.7 6.181
4.72 6.2073
4.74 6.2336
4.76 6.2599
4.78 6.2862
4.8 6.3125
4.82 6.3388
4.84 6.3651
4.86 6.3914
4.88 6.4177
4.9 6.444
4.92 6.4703
4.94 6.4966
4.96 6.5229
4.98 6.5492
5 6.5755
