0 0
0.02 0.00186
0.04 0.00372
0.06 0.00558
0.08 0.00744
0.1 0.0093
0.12 0.01116
0.14 0.01302
0.16 0.01488
0.18 0.01674
0.2 0.0186
0.22 0.02046
0.24 0.02232
0.26 0.02418
0.28 0.02604
0.3 0.0279
0.32 0.02976
0.34 0.03162
0.36 0.03348
0.38 0.03534
0.4 0.0372
0.42 0.03906
0.44 0.04092
0.46 0.04278
0.48 0.04464
0.5 0.0465
0.52 0.04836
0.54 0.05022
0.56 0.05208
0.58 0.05394
0.6 0.0558
0.62 0.05766
0.64 0.05952
0.66 0.06138
0.68 0.06324
0.7 0.0651
0.72 0.06696
0.74 0.06882
0.76 0.07068
0.78 0.07254
0.8 0.0744
0.82 0.07626
0.84 0.07812
0.86 0.07998
0.88 0.08184
0.9 0.0837
0.92 0.08556
0.94 0.08742
0.96 0.08928
0.98 0.09114
1 0.093
1.02 0.09486
1.04 0.09672
1.06 0.09858
1.08 0.10044
1.1 0.1023
1.12 0.10416
1.14 0.10602
1.16 0.10788
1.18 0.10974
1.2 0.1116
1.22 0.11346
1.24 0.11532
1.26 0.11718
1.28 0.11904
1.3 0.1209
1.32 0.12276
1.34 0.12462
1.36 0.12648
1.38 0.12834
1.4 0.1302
1.42 0.13206
1.44 0.13392
1.46 0.13578
1.48 0.13764
1.5 0.1395
1.52 0.14136
1.54 0.14322
1.56 0.14508
1.58 0.14694
1.6 0.1488
1.62 0.15066
1.64 0.15252
1.66 0.15438
1.68 0.15624
1.7 0.1581
1.72 0.15996
1.74 0.16182
1.76 0.16368
1.78 0.16554
1.8 0.1674
1.82 0.16926
1.84 0.17112
1.86 0.17298
1.88 0.17484
1.9 0.1767
1.92 0.17856
1.94 0.18042
1.96 0.18228
1.98 0.18414
2 0.186
2.02 0.18786
2.04 0.18972
2.06 0.19158
2.08 0.19344
2.1 0.1953
2.12 0.19716
2.14 0.19902
2.16 0.20088
2.18 0.20274
2.2 0.2046
2.22 0.20646
2.24 0.20832
2.26 0.21018
2.28 0.21204
2.3 0.2139
2.32 0.21576
2.34 0.21762
2.36 0.21948
2.38 0.22134
2.4 0.2232
2.42 0.22506
2.44 0.22692
2.46 0.22878
2.48 0.23064
2.5 0.2325
2.52 0.23436
2.54 0.23622
2.56 0.23808
2.58 0.23994
2.6 0.2418
2.62 0.24366
2.64 0.24552
2.66 0.24738
2.68 0.24924
2.7 0.2511
2.72 0.25296
2.74 0.25482
2.76 0.25668
2.78 0.25854
2.8 0.2604
2.82 0.26226
2.84 0.26412
2.86 0.26598
2.88 0.26784
2.9 0.2697
2.92 0.27156
2.94 0.27342
2.96 0.27528
2.98 0.27714
3 0.279
3.02 0.28086
3.04 0.28272
3.06 0.28458
3.08 0.28644
3.1 0.2883
3.12 0.29016
3.14 0.29202
3.16 0.29388
3.18 0.29574
3.2 0.2976
3.22 0.29946
3.24 0.30132
3.26 0.30318
3.28 0.30504
3.3 0.3069
3.32 0.30876
3.34 0.31062
3.36 0.31248
3.38 0.31434
3.4 0.3162
3.42 0.31806
3.44 0.31992
3.46 0.32178
3.48 0.32364
3.5 0.3255
3.52 0.32736
3.54 0.32922
3.56 0.33108
3.58 0.33294
3.6 0.3348
3.62 0.33666
3.64 0.33852
3.66 0.34038
3.68 0.34224
3.7 0.3441
3.72 0.34596
3.74 0.34782
3.76 0.34968
3.78 0.35154
3.8 0.3534
3.82 0.35526
3.84 0.35712
3.86 0.35898
3.88 0.36084
3.9 0.3627
3.92 0.36456
3.94 0.36642
3.96 0.36828
3.98 0.37014
4 0.372
4.02 0.37386
4.04 0.37572
4.06 0.37758
4.08 0.37944
4.1 0.3813
4.12 0.38316
4.14 0.38502
4.16 0.38688
4.18 0.38874
4.2 0.3906
4.22 0.39246
4.24 0.39432
4.26 0.39618
4.28 0.39804
4.3 0.3999
4.32 0.40176
4.34 0.40362
4.36 0.40548
4.38 0.40734
4.4 0.4092
4.42 0.41106
4.44 0.41292
4.46 0.41478
4.48 0.41664
4.5 0.4185
4.52 0.42036
4.54 0.42222
4.56 0.42408
4.58 0.42594
4.6 0.4278
4.62 0.42966
4.64 0.43152
4.66 0.43338
4.68 0.43524
4.7 0.4371
4.72 0.43896
4.74 0.44082
4.76 0.44268
4.78 0.44454
4.8 0.4464
4.82 0.44826
4.84 0.45012
4.86 0.45198
4.88 0.45384
4.9 0.4557
4.92 0.45756
4.94 0.45942
4.96 0.46128
4.98 0.46314
5 0.465
