0 0
0.02 0.026287
0.04 0.049887
0.06 0.073487
0.08 0.097087
0.1 0.12069
0.12 0.14429
0.14 0.16789
0.16 0.19149
0.18 0.21509
0.2 0.23869
0.22 0.26229
0.24 0.28589
0.26 0.30949
0.28 0.33309
0.3 0.35669
0.32 0.38029
0.34 0.40389
0.36 0.42749
0.38 0.45109
0.4 0.47469
0.42 0.49829
0.44 0.52189
0.46 0.54549
0.48 0.56909
0.5 0.59269
0.52 0.61629
0.54 0.63989
0.56 0.66349
0.58 0.68709
0.6 0.71069
0.62 0.73429
0.64 0.75789
0.66 0.78149
0.68 0.80509
0.7 0.82869
0.72 0.85229
0.74 0.87589
0.76 0.89949
0.78 0.92309
0.8 0.94669
0.82 0.97029
0.84 0.99389
0.86 1.0175
0.88 1.0411
0.9 1.0647
0.92 1.0883
0.94 1.1119
0.96 1.1355
0.98 1.1591
1 1.1827
1.02 1.2063
1.04 1.2299
1.06 1.2535
1.08 1.2771
1.1 1.3007
1.12 1.3243
1.14 1.3479
1.16 1.3715
1.18 1.3951
1.2 1.4187
1.22 1.4423
1.24 1.4659
1.26 1.4895
1.28 1.5131
1.3 1.5367
1.32 1.5603
1.34 1.5839
1.36 1.6075
1.38 1.6311
1.4 1.6547
1.42 1.6783
1.44 1.7019
1.46 1.7255
1.48 1.7491
1.5 1.7727
1.52 1.7963
1.54 1.8199
1.56 1.8435
1.58 1.8671
1.6 1.8907
1.62 1.9143
1.64 1.9379
1.66 1.9615
1.68 1.9851
1.7 2.0087
1.72 2.0323
1.74 2.0559
1.76 2.0795
1.78 2.1031
1.8 2.1267
1.82 2.1503
1.84 2.1739
1.86 2.1975
1.88 2.2211
1.9 2.2447
1.92 2.2683
1.94 2.2919
1.96 2.3155
1.98 2.3391
2 2.3627
2.02 2.3863
2.04 2.4099
2.06 2.4335
2.08 2.4571
2.1 2.4807
2.12 2.5043
2.14 2.5279
2.16 2.5515
2.18 2.5751
2.2 2.5987
2.22 2.6223
2.24 2.6459
2.26 2.6695
2.28 2.6931
2.3 2.7167
2.32 2.7403
2.34 2.7639
2.36 2.7875
2.38 2.8111
2.4 2.8347
2.42 2.8583
2.44 2.8819
2.46 2.9055
2.48 2.9291
2.5 2.9527
2.52 2.9763
2.54 2.9999
2.56 3.0235
2.58 3.0471
2.6 3.0707
2.62 3.0943
2.64 3.1179
2.66 3.1415
2.68 3.1651
2.7 3.1887
2.72 3.2123
2.74 3.2359
2.76 3.2595
2.78 3.2831
2.8 3.3067
2.82 3.3303
2.84 3.3539
2.86 3.3775
2.88 3.4011
2.9 3.4247
2.92 3.4483
2.94 3.4719
2.96 3.4955
2.98 3.5191
3 3.5427
3.02 3.5663
3.04 3.5899
3.06 3.6135
3.08 3.6371
3.1 3.6607
3.12 3.6843
3.14 3.7079
3.16 3.7315
3.18 3.7551
3.2 3.7787
3.22 3.8023
3.24 3.8259
3.26 3.8495
3.28 3.8731
3.3 3.8967
3.32 3.9203
3.34 3.9439
3.36 3.9675
3.38 3.9911
3.4 4.0147
3.42 4.0383
3.44 4.0619
3.46 4.0855
3.48 4.1091
3.5 4.1327
3.52 4.1563
3.54 4.1799
3.56 4.2035
3.58 4.2271
3.6 4.2507
3.62 4.2743
3.64 4.2979
3.66 4.3215
3.68 4.3451
3.7 4.3687
3.72 4.3923
3.74 4.4159
3.76 4.4395
3.78 4.4631
3.8 4.4867
3.82 4.5103
3.84 4.5339
3.86 4.5575
3.88 4.5811
3.9 4.6047
3.92 4.6283
3.94 4.6519
3.96 4.6755
3.98 4.6991
4 4.7227
4.02 4.7463
4.04 4.7699
4.06 4.7935
4.08 4.8171
4.1 4.8407
4.12 4.8643
4.14 4.8879
4.16 4.9115
4.18 4.9351
4.2 4.9587
4.22 4.9823
4.24 5.0059
4.26 5.0295
4.28 5.0531
4.3 5.0767
4.32 5.1003
4.34 5.1239
4.36 5.1475
4.38 5.1711
4.4 5.1947
4.42 5.2183
4.44 5.2419
4.46 5.2655
4.48 5.2891
4.5 5.3127
4.52 5.3363
4.54 5.3599
4.56 5.3835
4.58 5.4071
4.6 5.4307
4.62 5.4543
4.64 5.4779
4.66 5.5015
4.68 5.5251
4.7 5.5487
4.72 5.5723
4.74 5.5959
4.76 5.6195
4.78 5.6431
4.8 5.6667
4.82 5.6903
4.84 5.7139
4.86 5.7375
4.88 5.7611
4.9 5.7847
4.92 5.8083
4.94 5.8319
4.96 5.8555
4.98 5.8791
5 5.9027
