0 0
0.02 0.0008
0.04 0.0016
0.06 0.0024
0.08 0.0032
0.1 0.004
0.12 0.0048
0.14 0.0056
0.16 0.0064
0.18 0.0072
0.2 0.008
0.22 0.0088
0.24 0.0096
0.26 0.0104
0.28 0.0112
0.3 0.012
0.32 0.0128
0.34 0.0136
0.36 0.0144
0.38 0.0152
0.4 0.016
0.42 0.0168
0.44 0.0176
0.46 0.0184
0.48 0.0192
0.5 0.02
0.52 0.0208
0.54 0.0216
0.56 0.0224
0.58 0.0232
0.6 0.024
0.62 0.0248
0.64 0.0256
0.66 0.0264
0.68 0.0272
0.7 0.028
0.72 0.0288
0.74 0.0296
0.76 0.0304
0.78 0.0312
0.8 0.032
0.82 0.0328
0.84 0.0336
0.86 0.0344
0.88 0.0352
0.9 0.036
0.92 0.0368
0.94 0.0376
0.96 0.0384
0.98 0.0392
1 0.04
1.02 0.0408
1.04 0.0416
1.06 0.0424
1.08 0.0432
1.1 0.044
1.12 0.0448
1.14 0.0456
1.16 0.0464
1.18 0.0472
1.2 0.048
1.22 0.0488
1.24 0.0496
1.26 0.0504
1.28 0.0512
1.3 0.052
1.32 0.0528
1.34 0.0536
1.36 0.0544
1.38 0.0552
1.4 0.056
1.42 0.0568
1.44 0.0576
1.46 0.0584
1.48 0.0592
1.5 0.06
1.52 0.0608
1.54 0.0616
1.56 0.0624
1.58 0.0632
1.6 0.064
1.62 0.0648
1.64 0.0656
1.66 0.0664
1.68 0.0672
1.7 0.068
1.72 0.0688
1.74 0.0696
1.76 0.0704
1.78 0.0712
1.8 0.072
1.82 0.0728
1.84 0.0736
1.86 0.0744
1.88 0.0752
1.9 0.076
1.92 0.0768
1.94 0.0776
1.96 0.0784
1.98 0.0792
2 0.08
2.02 0.0808
2.04 0.0816
2.06 0.0824
2.08 0.0832
2.1 0.084
2.12 0.0848
2.14 0.0856
2.16 0.0864
2.18 0.0872
2.2 0.088
2.22 0.0888
2.24 0.0896
2.26 0.0904
2.28 0.0912
2.3 0.092
2.32 0.0928
2.34 0.0936
2.36 0.0944
2.38 0.0952
2.4 0.096
2.42 0.0968
2.44 0.0976
2.46 0.0984
2.48 0.0992
2.5 0.1
2.52 0.1008
2.54 0.1016
2.56 0.1024
2.58 0.1032
2.6 0.104
2.62 0.1048
2.64 0.1056
2.66 0.1064
2.68 0.1072
2.7 0.108
2.72 0.1088
2.74 0.1096
2.76 0.1104
2.78 0.1112
2.8 0.112
2.82 0.1128
2.84 0.1136
2.86 0.1144
2.88 0.1152
2.9 0.116
2.92 0.1168
2.94 0.1176
2.96 0.1184
2.98 0.1192
3 0.12
3.02 0.1208
3.04 0.1216
3.06 0.1224
3.08 0.1232
3.1 0.124
3.12 0.1248
3.14 0.1256
3.16 0.1264
3.18 0.1272
3.2 0.128
3.22 0.1288
3.24 0.1296
3.26 0.1304
3.28 0.1312
3.3 0.132
3.32 0.1328
3.34 0.1336
3.36 0.1344
3.38 0.1352
3.4 0.136
3.42 0.1368
3.44 0.1376
3.46 0.1384
3.48 0.1392
3.5 0.14
3.52 0.1408
3.54 0.1416
3.56 0.1424
3.58 0.1432
3.6 0.144
3.62 0.1448
3.64 0.1456
3.66 0.1464
3.68 0.1472
3.7 0.148
3.72 0.1488
3.74 0.1496
3.76 0.1504
3.78 0.1512
3.8 0.152
3.82 0.1528
3.84 0.1536
3.86 0.1544
3.88 0.1552
3.9 0.156
3.92 0.1568
3.94 0.1576
3.96 0.1584
3.98 0.1592
4 0.16
4.02 0.1608
4.04 0.1616
4.06 0.1624
4.08 0.1632
4.1 0.164
4.12 0.1648
4.14 0.1656
4.16 0.1664
4.18 0.1672
4.2 0.168
4.22 0.1688
4.24 0.1696
4.26 0.1704
4.28 0.1712
4.3 0.172
4.32 0.1728
4.34 0.1736
4.36 0.1744
4.38 0.1752
4.4 0.176
4.42 0.1768
4.44 0.1776
4.46 0.1784
4.48 0.1792
4.5 0.18
4.52 0.1808
4.54 0.1816
4.56 0.1824
4.58 0.1832
4.6 0.184
4.62 0.1848
4.64 0.1856
4.66 0.1864
4.68 0.1872
4.7 0.188
4.72 0.1888
4.74 0.1896
4.76 0.1904
4.78 0.1912
4.8 0.192
4.82 0.1928
4.84 0.1936
4.86 0.1944
4.88 0.1952
4.9 0.196
4.92 0.1968
4.94 0.1976
4.96 0.1984
4.98 0.1992
5 0.2
