0 0
0.02 0.000186
0.04 0.000372
0.06 0.000558
0.08 0.000744
0.1 0.00093
0.12 0.001116
0.14 0.001302
0.16 0.001488
0.18 0.001674
0.2 0.00186
0.22 0.002046
0.24 0.002232
0.26 0.002418
0.28 0.002604
0.3 0.00279
0.32 0.002976
0.34 0.003162
0.36 0.003348
0.38 0.003534
0.4 0.00372
0.42 0.003906
0.44 0.004092
0.46 0.004278
0.48 0.004464
0.5 0.00465
0.52 0.004836
0.54 0.005022
0.56 0.005208
0.58 0.005394
0.6 0.00558
0.62 0.005766
0.64 0.005952
0.66 0.006138
0.68 0.006324
0.7 0.00651
0.72 0.006696
0.74 0.006882
0.76 0.007068
0.78 0.007254
0.8 0.00744
0.82 0.007626
0.84 0.007812
0.86 0.007998
0.88 0.008184
0.9 0.00837
0.92 0.008556
0.94 0.008742
0.96 0.008928
0.98 0.009114
1 0.0093
1.02 0.009486
1.04 0.009672
1.06 0.009858
1.08 0.010044
1.1 0.01023
1.12 0.010416
1.14 0.010602
1.16 0.010788
1.18 0.010974
1.2 0.01116
1.22 0.011346
1.24 0.011532
1.26 0.011718
1.28 0.011904
1.3 0.01209
1.32 0.012276
1.34 0.012462
1.36 0.012648
1.38 0.012834
1.4 0.01302
1.42 0.013206
1.44 0.013392
1.46 0.013578
1.48 0.013764
1.5 0.01395
1.52 0.014136
1.54 0.014322
1.56 0.014508
1.58 0.014694
1.6 0.01488
1.62 0.015066
1.64 0.015252
1.66 0.015438
1.68 0.015624
1.7 0.01581
1.72 0.015996
1.74 0.016182
1.76 0.016368
1.78 0.016554
1.8 0.01674
1.82 0.016926
1.84 0.017112
1.86 0.017298
1.88 0.017484
1.9 0.01767
1.92 0.017856
1.94 0.018042
1.96 0.018228
1.98 0.018414
2 0.0186
2.02 0.018786
2.04 0.018972
2.06 0.019158
2.08 0.019344
2.1 0.01953
2.12 0.019716
2.14 0.019902
2.16 0.020088
2.18 0.020274
2.2 0.02046
2.22 0.020646
2.24 0.020832
2.26 0.021018
2.28 0.021204
2.3 0.02139
2.32 0.021576
2.34 0.021762
2.36 0.021948
2.38 0.022134
2.4 0.02232
2.42 0.022506
2.44 0.022692
2.46 0.022878
2.48 0.023064
2.5 0.02325
2.52 0.023436
2.54 0.023622
2.56 0.023808
2.58 0.023994
2.6 0.02418
2.62 0.024366
2.64 0.024552
2.66 0.024738
2.68 0.024924
2.7 0.02511
2.72 0.025296
2.74 0.025482
2.76 0.025668
2.78 0.025854
2.8 0.02604
2.82 0.026226
2.84 0.026412
2.86 0.026598
2.88 0.026784
2.9 0.02697
2.92 0.027156
2.94 0.027342
2.96 0.027528
2.98 0.027714
3 0.0279
3.02 0.028086
3.04 0.028272
3.06 0.028458
3.08 0.028644
3.1 0.02883
3.12 0.029016
3.14 0.029202
3.16 0.029388
3.18 0.029574
3.2 0.02976
3.22 0.029946
3.24 0.030132
3.26 0.030318
3.28 0.030504
3.3 0.03069
3.32 0.030876
3.34 0.031062
3.36 0.031248
3.38 0.031434
3.4 0.03162
3.42 0.031806
3.44 0.031992
3.46 0.032178
3.48 0.032364
3.5 0.03255
3.52 0.032736
3.54 0.032922
3.56 0.033108
3.58 0.033294
3.6 0.03348
3.62 0.033666
3.64 0.033852
3.66 0.034038
3.68 0.034224
3.7 0.03441
3.72 0.034596
3.74 0.034782
3.76 0.034968
3.78 0.035154
3.8 0.03534
3.82 0.035526
3.84 0.035712
3.86 0.035898
3.88 0.036084
3.9 0.03627
3.92 0.036456
3.94 0.036642
3.96 0.036828
3.98 0.037014
4 0.0372
4.02 0.037386
4.04 0.037572
4.06 0.037758
4.08 0.037944
4.1 0.03813
4.12 0.038316
4.14 0.038502
4.16 0.038688
4.18 0.038874
4.2 0.03906
4.22 0.039246
4.24 0.039432
4.26 0.039618
4.28 0.039804
4.3 0.03999
4.32 0.040176
4.34 0.040362
4.36 0.040548
4.38 0.040734
4.4 0.04092
4.42 0.041106
4.44 0.041292
4.46 0.041478
4.48 0.041664
4.5 0.04185
4.52 0.042036
4.54 0.042222
4.56 0.042408
4.58 0.042594
4.6 0.04278
4.62 0.042966
4.64 0.043152
4.66 0.043338
4.68 0.043524
4.7 0.04371
4.72 0.043896
4.74 0.044082
4.76 0.044268
4.78 0.044454
4.8 0.04464
4.82 0.044826
4.84 0.045012
4.86 0.045198
4.88 0.045384
4.9 0.04557
4.92 0.045756
4.94 0.045942
4.96 0.046128
4.98 0.046314
5 0.0465
